,meanfreq,sd,median,Q25,Q75,IQR,skew,kurt,sp.ent,sfm,mode,centroid,meanfun,minfun,maxfun,meandom,mindom,maxdom,dfrange,modindx
meanfreq,1.0,-0.7390388084224889,0.925445373046323,0.9114163463244456,0.7409967183224119,-0.6276050535677232,-0.3223269277288492,-0.3160355547511219,-0.6012025406783478,-0.7843323132999549,0.6877152241836313,1.0,0.4608444017599882,0.3839367930006284,0.2740040703627871,0.5366660598467929,0.2292609950776235,0.5195276517272822,0.5155698736729015,-0.2169787477653871
sd,-0.7390388084224889,1.0,-0.562602587876431,-0.8469309218932249,-0.16107584123415472,0.8746603190100687,0.31459695036242225,0.34624087117791885,0.7166199687015065,0.8380864952165428,-0.5291499905113861,-0.7390388084224889,-0.46628148438823436,-0.34560890475610634,-0.1296618792369881,-0.482726197744994,-0.3576670217102199,-0.4822778204676336,-0.4759991418303512,0.12265970489962609
median,0.925445373046323,-0.562602587876431,1.0,0.7749216219617675,0.7318492318341975,-0.47735200332800193,-0.2574070880678031,-0.24338162961663987,-0.5020048815675547,-0.6616898962832423,0.6774327178023906,0.925445373046323,0.41490926262693756,0.3376019232538212,0.2513280190142954,0.4559426813798717,0.1911686650522708,0.438919027996164,0.4356206588505491,-0.21329750997480568
Q25,0.9114163463244456,-0.8469309218932249,0.7749216219617675,1.0,0.4771398108999354,-0.8741889897600216,-0.31947531463886575,-0.3501823862803992,-0.6481258331168175,-0.7668745224631287,0.5912770128033413,0.9114163463244456,0.5450350808668247,0.32099429065030605,0.1998407174985307,0.46740280031529735,0.30225493292395395,0.4596832460988628,0.45439384824430384,-0.1413773751698219
Q75,0.7409967183224119,-0.16107584123415472,0.7318492318341975,0.4771398108999354,1.0,0.009635774461122144,-0.20633893238685785,-0.14888061743447795,-0.17490523906309818,-0.3781983726280505,0.48685737456528627,0.7409967183224119,0.15509095599004105,0.2580024759629984,0.2855835599532357,0.3591806168113679,-0.023750102624440005,0.33511404542866013,0.3356475213795462,-0.21647467751138946
IQR,-0.6276050535677232,0.8746603190100687,-0.47735200332800193,-0.8741889897600216,0.009635774461122144,1.0,0.24949747631278257,0.31618473509658374,0.640813241911268,0.6636014582467338,-0.40376359905434095,-0.6276050535677232,-0.5344619483592344,-0.22267971915220958,-0.06958830175260841,-0.33336247639247857,-0.35703667625771723,-0.3378766625625082,-0.33156347677006365,0.04125243825721487
skew,-0.3223269277288492,0.31459695036242225,-0.2574070880678031,-0.31947531463886575,-0.20633893238685785,0.24949747631278257,1.0,0.9770204562201018,-0.19545923798672907,0.07969406946989278,-0.4348590554188408,-0.3223269277288492,-0.16766800751855093,-0.21695428513662537,-0.08086107281080614,-0.33684838838289366,-0.061607652044610266,-0.305650859192696,-0.30464002668543355,-0.16932470985072734
kurt,-0.3160355547511219,0.34624087117791885,-0.24338162961663987,-0.3501823862803992,-0.14888061743447795,0.31618473509658374,0.9770204562201018,1.0,-0.12764357898413228,0.10988402818238747,-0.4067218945461364,-0.3160355547511219,-0.19455985267766576,-0.20320141386288487,-0.04566724676612603,-0.3032335711546639,-0.10331264094093374,-0.2745001143321836,-0.2727294281314468,-0.20553932120401983
sp.ent,-0.6012025406783478,0.7166199687015065,-0.5020048815675547,-0.6481258331168175,-0.17490523906309818,0.640813241911268,-0.19545923798672907,-0.12764357898413228,1.0,0.8664108351589171,-0.32529847625846864,-0.6012025406783478,-0.5131936774598492,-0.3058260133028879,-0.12073797679737006,-0.2935624118347878,-0.29486886613075247,-0.324253143551281,-0.3190535720216358,0.19807426800912717
sfm,-0.7843323132999549,0.8380864952165428,-0.6616898962832423,-0.7668745224631287,-0.3781983726280505,0.6636014582467338,0.07969406946989278,0.10988402818238747,0.8664108351589171,1.0,-0.4859128708950445,-0.7843323132999549,-0.4210656836707993,-0.36210031555710087,-0.19236943730599526,-0.4284424897230483,-0.28959288055994886,-0.43664878876069174,-0.43157977496114913,0.21147722563166638
mode,0.6877152241836313,-0.5291499905113861,0.6774327178023906,0.5912770128033413,0.48685737456528627,-0.40376359905434095,-0.4348590554188408,-0.4067218945461364,-0.32529847625846864,-0.4859128708950445,1.0,0.6877152241836313,0.3247712587849403,0.3854673063918467,0.17232879137800022,0.4914793979011134,0.19814955520703342,0.47718671293140885,0.4737749578615647,-0.1823435363903691
centroid,1.0,-0.7390388084224889,0.925445373046323,0.9114163463244456,0.7409967183224119,-0.6276050535677232,-0.3223269277288492,-0.3160355547511219,-0.6012025406783478,-0.7843323132999549,0.6877152241836313,1.0,0.4608444017599882,0.3839367930006284,0.2740040703627871,0.5366660598467929,0.2292609950776235,0.5195276517272822,0.5155698736729015,-0.2169787477653871
meanfun,0.4608444017599882,-0.46628148438823436,0.41490926262693756,0.5450350808668247,0.15509095599004105,-0.5344619483592344,-0.16766800751855093,-0.19455985267766576,-0.5131936774598492,-0.4210656836707993,0.3247712587849403,0.4608444017599882,1.0,0.339386726157651,0.3119504990193201,0.2708396144820216,0.16216250779415303,0.2779821443034653,0.27515428953344295,-0.0548579427500199
minfun,0.3839367930006284,-0.34560890475610634,0.3376019232538212,0.32099429065030605,0.2580024759629984,-0.22267971915220958,-0.21695428513662537,-0.20320141386288487,-0.3058260133028879,-0.36210031555710087,0.3854673063918467,0.3839367930006284,0.339386726157651,1.0,0.21398718226087257,0.37597901952390844,0.082015330360741,0.3178601092921471,0.3164861695552012,0.0020419728344716888
maxfun,0.2740040703627871,-0.1296618792369881,0.2513280190142954,0.1998407174985307,0.2855835599532357,-0.06958830175260841,-0.08086107281080614,-0.04566724676612603,-0.12073797679737006,-0.19236943730599526,0.17232879137800022,0.2740040703627871,0.3119504990193201,0.21398718226087257,1.0,0.3375527460404528,-0.2434256632296294,0.35539024038856254,0.35988049248437465,-0.3630292399622918
meandom,0.5366660598467929,-0.482726197744994,0.4559426813798717,0.46740280031529735,0.3591806168113679,-0.33336247639247857,-0.33684838838289366,-0.3032335711546639,-0.2935624118347878,-0.4284424897230483,0.4914793979011134,0.5366660598467929,0.2708396144820216,0.37597901952390844,0.3375527460404528,1.0,0.09965604716807591,0.8128376982624491,0.8113036708464867,-0.18095410210301696
mindom,0.2292609950776235,-0.3576670217102199,0.1911686650522708,0.30225493292395395,-0.023750102624440005,-0.35703667625771723,-0.061607652044610266,-0.10331264094093374,-0.29486886613075247,-0.28959288055994886,0.19814955520703342,0.2292609950776235,0.16216250779415303,0.082015330360741,-0.2434256632296294,0.09965604716807591,1.0,0.026639688854138095,0.008665539607929165,0.20021222342119066
maxdom,0.5195276517272822,-0.4822778204676336,0.438919027996164,0.4596832460988628,0.33511404542866013,-0.3378766625625082,-0.305650859192696,-0.2745001143321836,-0.324253143551281,-0.43664878876069174,0.47718671293140885,0.5195276517272822,0.2779821443034653,0.3178601092921471,0.35539024038856254,0.8128376982624491,0.026639688854138095,1.0,0.9998384146229728,-0.42553102260509174
dfrange,0.5155698736729015,-0.4759991418303512,0.4356206588505491,0.45439384824430384,0.3356475213795462,-0.33156347677006365,-0.30464002668543355,-0.2727294281314468,-0.3190535720216358,-0.43157977496114913,0.4737749578615647,0.5155698736729015,0.27515428953344295,0.3164861695552012,0.35988049248437465,0.8113036708464867,0.008665539607929165,0.9998384146229728,1.0,-0.4292664517101617
modindx,-0.2169787477653871,0.12265970489962609,-0.21329750997480568,-0.1413773751698219,-0.21647467751138946,0.04125243825721487,-0.16932470985072734,-0.20553932120401983,0.19807426800912717,0.21147722563166638,-0.1823435363903691,-0.2169787477653871,-0.0548579427500199,0.0020419728344716888,-0.3630292399622918,-0.18095410210301696,0.20021222342119066,-0.42553102260509174,-0.4292664517101617,1.0
